2.47 -7.65 0.93 -7.27 14.78
34.90 35.9 21.85 46.33 46.86
9.21 3.17 26.40 19.21 45.54
21.78 43.53 4.72 40.25 19.57
-21.47 7.69 36.12 2.05 43.18
23.82 31.25 35.63e 33.41 39.31
41.76 15.04 10.80 33.87 25.55
40.07 32.31 6.65 47.45 40.26
45.92 35.05 -34.67 21.53 38.33
21.74 30.66 15.06 46.92 4.51
5.19 1.21 32.51 15.16 30.20
8.63 3.61 26.67 40.09 -16.56
46.11 2.66 26.09 6.84 38.87
16.05 30.0 40.74 47.92 39.76
40.10 24.32 41.89 z5.26 9.23
27.99 29.98 34.08 9.88 19.91
5.94 34.14 3.65 45.17 42.72
38.13 -11.87 30.03 15.95 39.34
47.93 1.14 42.89 10.91 0.55
46.22 0.7 43.26 16.98 26.41
